[[ 0  3  6  9 12  2  2  5  8 11 14  3  4  7  9 12  5  5  6  9 11 14  6  7
   8 11 13  8  8  9 11 13 15  9  9 11 13 15]
 [ 3  0  3  6  9  5  2  2  5  8 11  4  3  4  7  9  6  5  5  6  9 11  7  6
   7  8 11  9  8  8  9 11 13  9  9  9 11 13]
 [ 6  3  0  3  6  8  5  2  2  5  8  7  4  3  4  7  9  6  5  5  6  9  8  7
   6  7  8 11  9  8  8  9 11 11  9  9  9 11]
 [ 9  6  3  0  3 11  8  5  2  2  5  9  7  4  3  4 11  9  6  5  5  6 11  8
   7  6  7 13 11  9  8  8  9 13 11  9  9  9]
 [12  9  6  3  0 14 11  8  5  2  2 12  9  7  4  3 14 11  9  6  5  5 13 11
   8  7  6 15 13 11  9  8  8 15 13 11  9  9]
 [ 2  5  8 11 14  0  3  6  9 12 15  2  5  8 11 14  3  4  7  9 12 15  5  6
   9 11 14  6  7  8 11 13 16  8  9 11 13 15]
 [ 2  2  5  8 11  3  0  3  6  9 12  2  2  5  8 11  4  3  4  7  9 12  5  5
   6  9 11  7  6  7  8 11 13  8  8  9 11 13]
 [ 5  2  2  5  8  6  3  0  3  6  9  5  2  2  5  8  7  4  3  4  7  9  6  5
   5  6  9  8  7  6  7  8 11  9  8  8  9 11]
 [ 8  5  2  2  5  9  6  3  0  3  6  8  5  2  2  5  9  7  4  3  4  7  9  6
   5  5  6 11  8  7  6  7  8 11  9  8  8  9]
 [11  8  5  2  2 12  9  6  3  0  3 11  8  5  2  2 12  9  7  4  3  4 11  9
   6  5  5 13 11  8  7  6  7 13 11  9  8  8]
 [14 11  8  5  2 15 12  9  6  3  0 14 11  8  5  2 15 12  9  7  4  3 14 11
   9  6  5 16 13 11  8  7  6 15 13 11  9  8]
 [ 3  4  7  9 12  2  2  5  8 11 14  0  3  6  9 12  2  2  5  8 11 14  3  4
   7  9 12  5  5  6  9 11 14  6  7  8 11 13]
 [ 4  3  4  7  9  5  2  2  5  8 11  3  0  3  6  9  5  2  2  5  8 11  4  3
   4  7  9  6  5  5  6  9 11  7  6  7  8 11]
 [ 7  4  3  4  7  8  5  2  2  5  8  6  3  0  3  6  8  5  2  2  5  8  7  4
   3  4  7  9  6  5  5  6  9  8  7  6  7  8]
 [ 9  7  4  3  4 11  8  5  2  2  5  9  6  3  0  3 11  8  5  2  2  5  9  7
   4  3  4 11  9  6  5  5  6 11  8  7  6  7]
 [12  9  7  4  3 14 11  8  5  2  2 12  9  6  3  0 14 11  8  5  2  2 12  9
   7  4  3 14 11  9  6  5  5 13 11  8  7  6]
 [ 5  6  9 11 14  3  4  7  9 12 15  2  5  8 11 14  0  3  6  9 12 15  2  5
   8 11 14  3  4  7  9 12 15  5  6  9 11 14]
 [ 5  5  6  9 11  4  3  4  7  9 12  2  2  5  8 11  3  0  3  6  9 12  2  2
   5  8 11  4  3  4  7  9 12  5  5  6  9 11]
 [ 6  5  5  6  9  7  4  3  4  7  9  5  2  2  5  8  6  3  0  3  6  9  5  2
   2  5  8  7  4  3  4  7  9  6  5  5  6  9]
 [ 9  6  5  5  6  9  7  4  3  4  7  8  5  2  2  5  9  6  3  0  3  6  8  5
   2  2  5  9  7  4  3  4  7  9  6  5  5  6]
 [11  9  6  5  5 12  9  7  4  3  4 11  8  5  2  2 12  9  6  3  0  3 11  8
   5  2  2 12  9  7  4  3  4 11  9  6  5  5]
 [14 11  9  6  5 15 12  9  7  4  3 14 11  8  5  2 15 12  9  6  3  0 14 11
   8  5  2 15 12  9  7  4  3 14 11  9  6  5]
 [ 6  7  8 11 13  5  5  6  9 11 14  3  4  7  9 12  2  2  5  8 11 14  0  3
   6  9 12  2  2  5  8 11 14  3  4  7  9 12]
 [ 7  6  7  8 11  6  5  5  6  9 11  4  3  4  7  9  5  2  2  5  8 11  3  0
   3  6  9  5  2  2  5  8 11  4  3  4  7  9]
 [ 8  7  6  7  8  9  6  5  5  6  9  7  4  3  4  7  8  5  2  2  5  8  6  3
   0  3  6  8  5  2  2  5  8  7  4  3  4  7]
 [11  8  7  6  7 11  9  6  5  5  6  9  7  4  3  4 11  8  5  2  2  5  9  6
   3  0  3 11  8  5  2  2  5  9  7  4  3  4]
 [13 11  8  7  6 14 11  9  6  5  5 12  9  7  4  3 14 11  8  5  2  2 12  9
   6  3  0 14 11  8  5  2  2 12  9  7  4  3]
 [ 8  9 11 13 15  6  7  8 11 13 16  5  6  9 11 14  3  4  7  9 12 15  2  5
   8 11 14  0  3  6  9 12 15  2  5  8 11 14]
 [ 8  8  9 11 13  7  6  7  8 11 13  5  5  6  9 11  4  3  4  7  9 12  2  2
   5  8 11  3  0  3  6  9 12  2  2  5  8 11]
 [ 9  8  8  9 11  8  7  6  7  8 11  6  5  5  6  9  7  4  3  4  7  9  5  2
   2  5  8  6  3  0  3  6  9  5  2  2  5  8]
 [11  9  8  8  9 11  8  7  6  7  8  9  6  5  5  6  9  7  4  3  4  7  8  5
   2  2  5  9  6  3  0  3  6  8  5  2  2  5]
 [13 11  9  8  8 13 11  8  7  6  7 11  9  6  5  5 12  9  7  4  3  4 11  8
   5  2  2 12  9  6  3  0  3 11  8  5  2  2]
 [15 13 11  9  8 16 13 11  8  7  6 14 11  9  6  5 15 12  9  7  4  3 14 11
   8  5  2 15 12  9  6  3  0 14 11  8  5  2]
 [ 9  9 11 13 15  8  8  9 11 13 15  6  7  8 11 13  5  5  6  9 11 14  3  4
   7  9 12  2  2  5  8 11 14  0  3  6  9 12]
 [ 9  9  9 11 13  9  8  8  9 11 13  7  6  7  8 11  6  5  5  6  9 11  4  3
   4  7  9  5  2  2  5  8 11  3  0  3  6  9]
 [11  9  9  9 11 11  9  8  8  9 11  8  7  6  7  8  9  6  5  5  6  9  7  4
   3  4  7  8  5  2  2  5  8  6  3  0  3  6]
 [13 11  9  9  9 13 11  9  8  8  9 11  8  7  6  7 11  9  6  5  5  6  9  7
   4  3  4 11  8  5  2  2  5  9  6  3  0  3]
 [15 13 11  9  9 15 13 11  9  8  8 13 11  8  7  6 14 11  9  6  5  5 12  9
   7  4  3 14 11  8  5  2  2 12  9  6  3  0]]